year,coal_power_capacity_GW,gas_power_capacity_GW,oil_power_capacity_GW,coal_power_capacity_existing,gas_power_capacity_existing,oil_power_capacity_existing,coal_power_capacity_new,gas_power_capacity_new,oil_power_capacity_new,coal_annual_emission_intensity_2015,gas_annual_emission_intensity_2015,oil_annual_emission_intensity_2015,coal_lock_emission_intensity_2015,gas_lock_emission_intensity_2015,oil_lock_emission_intensity_2015,coal_power_annual_emission_existing,gas_power_annual_emission_existing,oil_power_annual_emission_existing,coal_power_lock_emission_existing,gas_power_lock_emission_existing,oil_power_lock_emission_existing,coal_power_annual_emission_new,gas_power_annual_emission_new,oil_power_annual_emission_new,coal_power_lock_emission_new,gas_power_lock_emission_new,oil_power_lock_emission_new,coal_annual_emission_overall,gas_annual_emission_overall,oil_annual_emission_overall,coal_power_lock_emission_overall,gas_power_lock_emission_overall,oil_power_lock_emission_overall
2015,2041.0,1615.1,388.4,2041.000001,1615.100001,388.40000019999997,0.0,0.0,0.0,190.41233290000002,418.29,407.1498755,5.342472334,11.56959716,11.2929043,10.77231438,3.910218705,0.93957721,204.3919581,66.15519901,11.89706139,0.0,0.0,0.0,0.0,0.0,0.0,10.77231438,3.910218705,0.93957721,204.3919581,66.15519901,11.89706139
2016,2101.2,1682.1,390.1,2037.135779,1615.100001,388.40000019999997,64.06,67.0,11.82,190.41233290000002,418.29,407.1498755,5.342472334,11.56959716,11.2929043,10.74539547,3.903392082,0.935999452,195.7788793,63.53532721,11.51801317,0.34,0.16,0.03,11.99,5.79,1.05,11.08539547,4.063392082,0.965999452,207.7688793,69.32532721,12.56801317
2017,2149.3,1743.3,384.1,2037.135779,1615.100001,388.40000019999997,48.1,61.2,0.0,190.41233290000002,418.29,407.1498755,5.342472334,11.56959716,11.2929043,10.71735895,3.890863146,0.933678345,188.06440880000002,61.1436328,11.13280881,0.25,0.15,0.0,9.0,5.29,0.0,11.30735895,4.2008631460000005,0.963678345,208.75465880000002,72.0788828,12.15655881
2018,2167.0,1768.8,380.7,2036.5048359999998,1615.100001,388.40000019999997,18.33,25.5,2.25,190.41233290000002,418.29,407.1498755,5.342472334,11.56959716,11.2929043,10.70695065,3.885046537,0.9313340940000001,179.8079495,58.64474573,10.76952477,0.1,0.06,0.01,3.43,2.2,0.2,11.39695065,4.255046537,0.971334094,203.40344950000002,71.50299573,11.96702477
2019,2171.5,1772.6,380.4,2036.5048359999998,1615.100001,388.40000019999997,4.5,3.8,4.23,190.41233290000002,418.29,407.1498755,5.342472334,11.56959716,11.2929043,10.69020975,3.8777612919999997,0.9296162179999999,172.20508869999998,56.31804782,10.41283418,0.02,0.01,0.01,0.84,0.33,0.37,11.40020975,4.257761292,0.979616218,196.03008869999996,69.17429781999999,11.94908418
2020,2173.7,1763.4,376.5,2033.8791780000001,1615.100001,388.40000019999997,4.83,-9.2,179.48,190.41233290000002,418.29,407.1498755,5.342472334,11.56959716,11.2929043,10.63699679,3.871132532,0.927847048,165.51155419999998,53.78945265,10.03225282,0.03,-0.02,0.44,0.9,-0.8,15.89,11.37699679,4.231132532,1.417847048,189.60505419999998,65.50545265,27.41800282
2021,2171.2,1757.8,370.9,2031.878327,1615.100001,388.40000019999997,-0.5,-5.6,0.0,190.41233290000002,418.29,407.1498755,5.342472334,11.56959716,11.2929043,10.60309128,3.858162397,0.9262223829999999,158.24969860000002,51.69152201,9.787722482000001,0.0,-0.01,0.0,-0.09,-0.48,0.0,11.34309128,4.208162397,1.416222383,181.59919860000002,62.60727201,26.735722482
2022,2182.4,1755.7,361.2,2029.7277179999999,1615.100001,388.40000019999997,13.35,-2.1,0.0,190.41233290000002,418.29,407.1498755,5.342472334,11.56959716,11.2929043,10.5533836,3.849211835,0.9234541620000001,152.2333281,49.44915525,9.491374453999999,0.07,-0.01,0.0,2.5,-0.18,0.0,11.363383599999999,4.189211835,1.4134541619999998,177.43107809999998,59.87665525,26.001624453999998
2023,2189.7,1758.5,355.2,2024.1817989999997,1615.100001,388.40000019999997,12.85,2.8,0.0,190.41233290000002,418.29,407.1498755,5.342472334,11.56959716,11.2929043,10.46301876,3.8269531619999997,0.9196767790000001,148.18797890000002,48.10456602,9.223636661,0.07,0.01,0.0,2.4,0.24,0.0,11.34301876,4.176953162,1.409676779,175.07147890000002,58.46831602,25.296136661000002
2024,2184.7,1761.2,349.1,2022.697732,1615.100001,388.40000019999997,-3.52,2.7,3.18,190.41233290000002,418.29,407.1498755,5.342472334,11.56959716,11.2929043,10.433848900000001,3.809283143,0.9145244859999999,141.57938069999997,46.47098102,9.129528482000001,-0.02,0.01,0.01,-0.66,0.23,0.28,11.2938489,4.169283143,1.414524486,167.02863069999998,56.75498102,25.044278482000003
2025,2174.6,1764.8,345.9,2018.0528100000001,1615.100001,388.40000019999997,-5.46,3.6,0.1,190.41233290000002,418.29,407.1498755,5.342472334,11.56959716,11.2929043,10.39744945,3.796174241,0.911724929,135.00765239999998,44.71888956,8.909932601,-0.03,0.01,0.0,-1.02,0.31,0.01,11.22744945,4.166174241,1.411724929,158.6791524,54.99738956,24.389932600999998
2026,2164.6,1777.8,343.6,2014.5568440000002,1615.100001,388.40000019999997,-6.5,13.0,0.0,190.41233290000002,418.29,407.1498755,5.342472334,11.56959716,11.2929043,10.34787591,3.785708425,0.910804545,130.0242244,42.94742347,8.558361048,-0.03,0.03,0.0,-1.22,1.12,0.0,11.14787591,4.185708425,1.410804545,151.74347440000003,54.02267347,23.593361048000002
2027,2158.8,1791.5,338.5,2012.173007,1615.100001,388.40000019999997,-3.42,13.7,0.0,190.41233290000002,418.29,407.1498755,5.342472334,11.56959716,11.2929043,10.31656192,3.776307423,0.907511724,124.28375349999999,41.20254099,8.381885173999999,-0.02,0.03,0.0,-0.64,1.18,0.0,11.09656192,4.206307423,1.4075117240000001,144.6612535,53.10654099,22.971885174
2028,2154.6,1808.0,334.1,2006.444188,1615.100001,388.40000019999997,1.53,16.5,0.0,190.41233290000002,418.29,407.1498755,5.342472334,11.56959716,11.2929043,10.26159608,3.760847455,0.9049474909999999,119.30057020000001,39.91423024,8.158467136,0.01,0.04,0.0,0.29,1.43,0.0,11.05159608,4.230847455,1.404947491,139.28232020000002,52.86748024,22.303467136000002
2029,2147.5,1822.7,331.9,2005.192122,1615.100001,388.40000019999997,-5.85,14.7,0.0,190.41233290000002,418.29,407.1498755,5.342472334,11.56959716,11.2929043,10.21278931,3.747658402,0.901627527,116.5589233,40.47343549,8.813599918,-0.03,0.04,0.0,-1.09,1.27,0.0,10.97278931,4.257658402,1.4016275269999998,134.75767330000002,54.28018549,22.513599917999997
2030,2145.5,1845.5,324.3,2002.562782,1615.100001,388.40000019999997,0.63,22.8,0.0,190.41233290000002,418.29,407.1498755,5.342472334,11.56959716,11.2929043,10.16683933,3.725672409,0.892175589,112.9978525,40.2400592,9.143659804,0.0,0.05,0.0,0.12,1.97,0.0,10.92683933,4.285672409,1.392175589,130.6508525,55.5685592,22.398659803999998
2031,2142.2,1872.1,321.9,2000.6895920000002,1615.100001,388.40000019999997,-1.43,26.6,1.93,190.41233290000002,418.29,407.1498755,5.342472334,11.56959716,11.2929043,10.08856488,3.71236605,0.8892660040000001,113.70843789999999,39.16646175,9.019225256,-0.01,0.06,0.0,-0.27,2.3,0.17,10.83856488,4.33236605,1.389266004,130.4226879,56.297461750000004,21.999225256000003
2032,2143.0,1895.5,317.6,1998.7402960000002,1615.100001,388.40000019999997,2.75,23.4,2.09,190.41233290000002,418.29,407.1498755,5.342472334,11.56959716,11.2929043,10.04469764,3.7000603930000002,0.884585152,110.99196210000001,38.15515462,9.120776338999999,0.01,0.06,0.01,0.51,2.02,0.18,10.80469764,4.380060393,1.3945851519999999,127.55421210000002,56.751154619999994,21.831526339
2033,2143.9,1917.3,315.2,1995.5389329999998,1615.100001,388.40000019999997,4.1,21.8,16.89,190.41233290000002,418.29,407.1498755,5.342472334,11.56959716,11.2929043,9.930397861,3.667601825,0.873778831,116.6717961,39.42074206,9.952109479,0.02,0.05,0.04,0.77,1.88,1.5,10.71039786,4.397601825,1.423778831,133.3292961,59.29124206,23.709109479000002
2034,2146.6,1946.0,310.6,1992.101887,1615.100001,388.40000019999997,6.14,28.7,8.37,190.41233290000002,418.29,407.1498755,5.342472334,11.56959716,11.2929043,9.867183212999999,3.63242099,0.86578359,116.6089493,41.28430769,10.50722092,0.03,0.07,0.02,1.15,2.48,0.74,10.67718321,4.43242099,1.43578359,133.7224493,62.98230769,24.51297092
2035,2150.0,1977.7,307.0,1989.447997,1615.100001,388.40000019999997,6.05,31.7,0.0,190.41233290000002,418.29,407.1498755,5.342472334,11.56959716,11.2929043,9.806620203,3.611677088,0.857311418,117.21796529999999,41.79174697,10.96251341,0.03,0.08,0.0,1.13,2.74,0.0,10.6466202,4.491677088,1.4273114180000002,134.7387153,65.51524696999999,24.458513410000002
2036,2151.2,2004.7,304.0,1986.5927940000001,1615.100001,388.40000019999997,4.06,27.0,0.0,190.41233290000002,418.29,407.1498755,5.342472334,11.56959716,11.2929043,9.743411369,3.577881244,0.85377863,118.57644409999999,43.77547371,11.09471439,0.02,0.06,0.0,0.76,2.33,0.0,10.60341137,4.517881244,1.42377863,136.10619409999998,69.04597371,24.080964390000002
2037,2151.2,2034.9,299.2,1984.849721,1615.100001,388.40000019999997,1.74,30.2,0.0,190.41233290000002,418.29,407.1498755,5.342472334,11.56959716,11.2929043,9.691559466000001,3.5594041310000004,0.846904332,119.8561631,44.09469688,11.59391153,0.01,0.07,0.0,0.33,2.61,0.0,10.56155947,4.569404131000001,1.4169043319999999,136.94591309999998,71.13394688,24.07041153
2038,2155.6,2063.0,297.0,1982.3222649999998,1615.100001,388.40000019999997,6.93,28.1,2.86,190.41233290000002,418.29,407.1498755,5.342472334,11.56959716,11.2929043,9.644987614,3.5420364139999996,0.842868938,119.8826122,44.61319297,11.87813322,0.04,0.07,0.01,1.3,2.43,0.25,10.55498761,4.622036414,1.4228689380000001,137.4941122,73.17594297,24.094883220000003
2039,2159.7,2095.7,293.0,1981.4175850000001,1615.100001,388.40000019999997,5.0,32.7,5.78,190.41233290000002,418.29,407.1498755,5.342472334,11.56959716,11.2929043,9.614869247,3.517541571,0.836084438,119.21620259999999,46.28780593,12.45514443,0.03,0.08,0.01,0.94,2.83,0.51,10.55486925,4.677541571,1.4260844380000002,136.9569526,76.71330592999999,24.66589443
2040,2164.5,2121.9,290.8,1979.1012620000001,1615.100001,388.40000019999997,7.12,26.2,3.36,190.41233290000002,418.29,407.1498755,5.342472334,11.56959716,11.2929043,9.557301879,3.49048929,0.8314831709999999,121.792961,48.32616075,12.65719035,0.04,0.06,0.01,1.33,2.26,0.3,10.53730188,4.71048929,1.431483171,140.029461,79.97366075,24.63919035
2041,2169.0,2150.4,287.9,1973.832762,1615.100001,388.40000019999997,9.77,28.5,0.0,190.41233290000002,418.29,407.1498755,5.342472334,11.56959716,11.2929043,9.505106622000001,3.469245861,0.829910282,121.9228885,49.83971031,12.61138404,0.05,0.07,0.0,1.83,2.46,0.0,10.53510662,4.759245861,1.4299102819999998,141.1218885,82.85271030999999,24.05713404
2042,2173.8,2180.6,285.7,1968.422084,1612.458884,387.7026244,10.21,32.84,2.85,190.41233290000002,418.29,407.1498755,5.342472334,11.56959716,11.2929043,9.414624184,3.4459072269999997,0.8215034259999999,128.8196408,51.11890414,13.2471987,0.05,0.08,0.01,1.91,2.84,0.25,10.49462418,4.815907227,1.431503426,149.0153908,85.81590414,24.4066987
2043,2177.8,2210.3,283.1,1949.6359850000001,1598.901777,384.20475730000004,22.79,43.26,0.0,190.41233290000002,418.29,407.1498755,5.342472334,11.56959716,11.2929043,9.278737928,3.394092052,0.810220197,132.6425192,52.87944413,13.41350502,0.12,0.1,0.0,4.27,3.74,0.0,10.47873793,4.864092052,1.420220197,156.1472692,90.08944413,24.03050502
2044,2183.8,2246.5,280.8,1913.5842460000001,1568.35633,376.87742369999995,42.05,66.75,0.62,190.41233290000002,418.29,407.1498755,5.342472334,11.56959716,11.2929043,9.051749669,3.301335785,0.7923761359999999,137.58450269999997,55.70258236,13.29312974,0.22,0.16,0.0,7.87,5.77,0.05,10.47174967,4.931335785,1.402376136,167.89150269999996,97.36208236000002,23.417629740000002
2045,2189.5,2281.3,279.3,1870.1065039999999,1536.35834,368.9933878,49.18,66.8,4.93,190.41233290000002,418.29,407.1498755,5.342472334,11.56959716,11.2929043,8.769209468,3.215889475,0.7704201340000001,147.0976823,56.66053903,13.551599,0.26,0.16,0.01,9.21,5.77,0.44,10.44920947,5.005889475,1.390420134,185.3501823,102.62528903,23.572349
2046,2197.4,2317.2,274.9,1839.27438,1508.611038,362.38419500000003,38.73,63.65,5.07,190.41233290000002,418.29,407.1498755,5.342472334,11.56959716,11.2929043,8.585858166,3.126028277,0.750112158,150.2494207,60.25132216,14.23345998,0.2,0.15,0.01,7.25,5.5,0.45,10.46585817,5.066028277,1.3801121580000002,194.25717070000002,110.10707216,24.149459979999996
2047,2204.9,2350.6,272.7,1816.9154,1493.386052,358.9265628,29.86,48.62,5.74,190.41233290000002,418.29,407.1498755,5.342472334,11.56959716,11.2929043,8.423520281,3.073476155,0.738465388,157.8575068,62.21225388,14.55236189,0.16,0.12,0.01,5.59,4.2,0.51,10.46352028,5.133476155,1.3784653880000002,205.7792568,114.52150387999998,24.41236189
2048,2212.3,2378.8,269.8,1761.6149260000002,1450.10566,348.62262589999995,62.7,71.48,13.22,190.41233290000002,418.29,407.1498755,5.342472334,11.56959716,11.2929043,8.09062265,2.955659595,0.7108729359999999,167.089968,64.99978951,15.18013227,0.33,0.17,0.03,11.74,6.18,1.17,10.46062265,5.185659595,1.380872936,224.935968,121.63753951,25.631382269999996
2049,2218.0,2406.3,267.6,1758.482316,1449.436911,349.0668744,8.83,28.17,0.0,190.41233290000002,418.29,407.1498755,5.342472334,11.56959716,11.2929043,8.032181293999999,2.9382576260000004,0.7095296879999999,174.4191849,67.16546127,15.354286199999999,0.05,0.07,0.0,1.65,2.43,0.0,10.45218129,5.238257626,1.379529688,231.8059349,124.22721127,25.197536200000002
2050,2224.8,2436.1,265.4,1716.0154129999999,1417.7982240000001,341.45451230000003,49.27,61.44,3.71,190.41233290000002,418.29,407.1498755,5.342472334,11.56959716,11.2929043,7.758142024,2.851135228,0.688338071,185.8431908,69.36431592,15.92606913,0.26,0.15,0.01,9.22,5.31,0.33,10.43814202,5.301135228,1.368338071,250.2994408,129.66931592,25.49131913
