BiomassGeneration
BiomassGeneration
BiomassGeneration
BiomassGeneration
BiomassGeneration
